0,22.81
0,84.51
0,88.04
1,87.7
1,89.89
1,89.74
2,87.21
2,86.51
2,83.18
3,87.45
3,85.51
3,77.7
4,87.61
4,80.85
4,75.98
5,87.79
5,92.26
5,90.86
6,89.93
6,86.35
6,78.58
7,83.76
7,75.8
7,85.45
8,76.89
8,90.41
8,88.34
9,79.1
9,78.81
9,80.6
10,76.7
10,66.69
10,76.78
11,68.76
11,81.64
11,85.42
12,86.94
12,91.29
12,76.81
13,80.84
13,86.69
13,76.62
14,83.97
14,76.01
14,72.48
15,77.49
15,83.08
15,87.76
16,79.04
16,84.41
16,80.1
17,75.64
17,70.43
17,79.12
18,71.54
18,81.68
18,79.55
19,75.27
19,75.89
19,89.48
20,77.06
20,83.29
20,81.65
21,80.67
21,89.58
21,90.85
22,75.33
22,82.65
22,90.05
23,90.74
23,90.34
23,88.89
24,90.67
24,86.21
24,83.8
25,81.86
25,88.68
25,91.76
26,85.67
26,93.31
26,88.56
27,95.46
27,87.1
27,96.1
28,96.04
28,92.0
28,96.65
29,97.26
29,94.78
29,89.2
30,96.05
30,96.05
30,96.22
31,88.8
31,93.59
31,96.39
32,96.13
32,95.29
32,93.06
33,95.27
33,96.27
33,96.71
34,96.35
34,95.21
34,96.73
35,92.18
35,95.25
35,94.4
36,94.06
36,91.68
36,95.51
37,94.97
37,94.18
37,89.0
38,90.58
38,95.96
38,97.18
39,93.15
39,97.12
39,97.51
40,96.98
40,95.6
40,96.67
41,96.67
41,94.19
41,95.72
42,97.19
42,97.77
42,97.28
43,98.06
43,97.29
43,97.73
44,97.46
44,97.59
44,97.63
45,98.61
45,98.56
45,97.94
46,98.17
46,98.49
46,98.59
47,98.61
47,97.14
47,97.48
48,98.39
48,98.2
48,98.61
49,98.61
49,98.54
49,98.31
50,98.49
50,98.3
50,98.64
51,98.8
51,98.87
51,98.76
52,98.94
52,98.79
52,98.8
53,98.76
53,98.86
53,98.81
54,98.86
54,99.06
54,98.86
55,98.69
55,98.89
55,98.87
56,98.94
56,98.94
56,98.97
57,98.91
57,98.81
57,98.83
58,99.05
58,99.07
58,98.86
59,98.96
59,98.96
59,99.03
60,98.92
60,99.0
60,99.04
61,98.9
61,98.81
61,98.91
62,98.68
62,98.99
62,98.91
63,98.9
63,98.98
63,98.8
64,99.09
64,99.04
64,98.94
65,99.01
65,99.16
65,98.93
66,99.01
66,99.08
66,99.12
67,99.04
67,99.08
67,98.96
68,99.06
68,98.86
68,98.93
69,99.06
69,98.92
69,98.89
70,99.01
70,98.96
70,98.93
71,99.07
71,99.02
71,99.08
72,99.03
72,99.09
72,99.04
73,99.03
73,99.15
73,99.16
74,99.1
74,99.07
74,98.98
75,99.12
75,99.07
75,99.04
76,99.1
76,99.24
76,99.19
77,99.07
77,99.13
77,99.09
78,99.02
78,99.03
78,99.08
79,99.03
79,99.13
79,98.99
80,99.08
80,99.16
80,99.03
81,99.01
81,99.14
81,99.07
82,99.05
82,99.06
82,99.17
83,99.06
83,99.07
83,99.0
84,99.06
84,99.11
84,99.07
85,99.06
85,99.16
85,99.08
86,99.15
86,99.19
86,99.15
87,99.15
87,99.18
87,99.23
88,99.15
88,99.1
88,99.17
89,99.15
89,99.23
89,99.19
90,99.14
90,99.12
90,99.18
91,99.12
91,99.16
91,99.14
92,99.15
92,99.23
92,99.2
93,99.11
93,99.16
93,99.12
94,99.18
94,99.2
94,99.12
95,99.15
95,99.11
95,99.13
96,99.16
96,99.07
96,99.25
97,99.13
97,99.23
97,99.21
98,99.21
98,99.21
98,99.18
99,99.17
99,99.1
99,99.07
100,99.21
100,99.17
100,99.13
101,99.09
101,99.15
101,99.21
102,99.27
102,99.22
102,99.26
103,99.33
103,99.29
103,99.13
104,99.16
104,99.2
104,99.26
105,99.24
105,99.26
105,99.22
106,99.2
106,99.26
106,99.24
107,99.25
107,99.32
107,99.29
108,99.2
108,99.16
108,99.27
109,99.2
109,99.25
109,99.23
110,99.25
110,99.21
110,99.21
111,99.26
111,99.29
111,99.26
112,99.24
112,99.22
112,99.23
113,99.25
113,99.3
113,99.34
114,99.22
114,99.25
114,99.3
115,99.25
115,99.2
115,99.28
116,99.42
116,99.36
116,99.25
117,99.33
117,99.3
117,99.21
118,99.27
118,99.32
118,99.4
119,99.33
119,99.3
119,99.23
120,99.29
120,99.32
120,99.28
121,99.25
121,99.33
121,99.3
122,99.27
122,99.35
122,99.32
123,99.29
123,99.28
123,99.29
124,99.3
124,99.32
124,99.3
125,99.3
125,99.35
125,99.29
126,99.31
126,99.32
126,99.3
127,99.33
127,99.37
127,99.28
128,99.31
128,99.32
128,99.31
129,99.31
129,99.33
129,99.29
130,99.32
130,99.35
130,99.32
131,99.27
131,99.32
131,99.33
132,99.32
132,99.32
132,99.31
133,99.27
133,99.33
133,99.31
134,99.33
134,99.34
134,99.28
135,99.29
135,99.29
135,99.34
136,99.32
136,99.29
136,99.37
137,99.38
137,99.32
137,99.38
138,99.38
138,99.36
138,99.35
139,99.4
139,99.32
139,99.33
140,99.37
140,99.38
140,99.33
141,99.31
141,99.31
141,99.31
142,99.36
142,99.33
142,99.36
143,99.34
143,99.38
143,99.36
144,99.36
144,99.4
144,99.39
145,99.36
145,99.36
145,99.35
146,99.4
146,99.39
146,99.4
147,99.39
147,99.38
147,99.41
148,99.41
148,99.4
148,99.39
149,99.4
149,99.4
149,99.4
