0,22.13
0,87.22
0,88.03
1,89.81
1,89.49
1,87.81
2,91.12
2,87.84
2,82.59
3,79.52
3,84.74
3,79.83
4,73.05
4,78.61
4,77.92
5,76.57
5,80.18
5,77.18
6,74.08
6,72.77
6,76.63
7,72.95
7,80.62
7,74.06
8,87.76
8,74.86
8,72.74
9,65.27
9,74.53
9,75.82
10,76.66
10,68.83
10,67.29
11,59.4
11,69.97
11,67.56
12,56.02
12,62.61
12,51.4
13,69.76
13,70.32
13,76.0
14,73.09
14,75.29
14,53.63
15,74.34
15,60.4
15,64.37
16,82.01
16,60.07
16,79.9
17,65.04
17,81.37
17,72.74
18,67.42
18,57.69
18,77.71
19,64.78
19,79.03
19,77.44
20,75.87
20,69.72
20,62.67
21,72.3
21,75.2
21,75.08
22,67.76
22,76.8
22,84.92
23,72.19
23,68.17
23,78.36
24,86.52
24,78.3
24,74.36
25,78.74
25,78.04
25,74.06
26,83.19
26,83.14
26,82.13
27,79.92
27,79.61
27,93.33
28,90.35
28,84.88
28,90.4
29,93.02
29,82.91
29,82.52
30,93.28
30,91.67
30,88.32
31,85.88
31,90.84
31,94.22
32,90.82
32,94.79
32,94.19
33,92.68
33,95.43
33,93.52
34,90.98
34,94.91
34,94.9
35,94.62
35,95.64
35,90.09
36,95.15
36,95.11
36,95.05
37,96.11
37,95.65
37,94.03
38,95.33
38,95.99
38,96.97
39,97.87
39,96.59
39,97.82
40,97.72
40,95.95
40,97.33
41,98.23
41,97.62
41,97.65
42,96.02
42,97.31
42,96.39
43,97.68
43,97.1
43,98.05
44,97.97
44,97.01
44,97.32
45,97.74
45,97.11
45,97.02
46,97.93
46,98.33
46,96.84
47,97.42
47,98.12
47,98.41
48,97.8
48,97.83
48,97.54
49,98.14
49,97.2
49,98.4
50,98.69
50,98.44
50,98.57
51,98.82
51,98.69
51,98.61
52,98.58
52,98.6
52,98.28
53,98.44
53,98.73
53,98.09
54,98.49
54,98.72
54,98.77
55,98.94
55,98.74
55,98.79
56,98.8
56,98.68
56,98.87
57,98.72
57,98.89
57,98.92
58,98.88
58,98.75
58,98.88
59,98.82
59,98.73
59,98.86
60,98.56
60,98.76
60,98.88
61,98.82
61,98.81
61,98.84
62,98.89
62,99.01
62,98.78
63,98.86
63,98.82
63,98.92
64,98.88
64,99.0
64,99.0
65,99.0
65,98.89
65,98.9
66,98.87
66,98.84
66,98.97
67,98.86
67,98.7
67,98.96
68,98.79
68,98.96
68,98.93
69,98.53
69,98.91
69,99.03
70,98.8
70,99.01
70,98.91
71,99.06
71,98.93
71,98.86
72,98.9
72,99.02
72,99.02
73,99.03
73,98.83
73,97.77
74,98.93
74,99.07
74,98.99
75,99.0
75,98.98
75,98.92
76,98.94
76,99.04
76,98.92
77,98.91
77,98.85
77,98.86
78,99.07
78,98.85
78,98.94
79,99.09
79,99.09
79,98.98
80,98.94
80,98.98
80,99.11
81,99.04
81,99.07
81,98.94
82,98.87
82,99.1
82,99.2
83,99.14
83,98.98
83,99.15
84,99.0
84,99.09
84,99.2
85,99.12
85,99.12
85,99.08
86,99.03
86,99.08
86,99.13
87,99.01
87,98.9
87,98.93
88,98.99
88,99.03
88,98.98
89,99.16
89,98.98
89,99.02
90,99.09
90,99.06
90,99.14
91,99.12
91,98.97
91,98.92
92,98.98
92,99.07
92,98.94
93,99.03
93,99.13
93,99.13
94,99.14
94,99.06
94,99.04
95,99.1
95,99.11
95,99.1
96,99.13
96,99.06
96,99.11
97,99.04
97,99.06
97,99.2
98,99.1
98,99.13
98,99.1
99,99.24
99,99.06
99,99.23
100,99.18
100,99.18
100,99.16
101,99.16
101,99.11
101,99.18
102,99.1
102,99.18
102,99.16
103,99.13
103,99.11
103,99.15
104,99.14
104,99.15
104,99.16
105,99.2
105,99.26
105,99.15
106,99.18
106,99.15
106,99.13
107,99.04
107,99.16
107,99.08
108,99.13
108,99.11
108,99.1
109,99.06
109,99.06
109,99.13
110,99.12
110,99.03
110,99.16
111,99.05
111,99.15
111,99.12
112,99.14
112,99.15
112,99.09
113,99.05
113,99.11
113,99.01
114,99.08
114,99.14
114,99.09
115,99.15
115,99.19
115,99.14
116,99.2
116,99.16
116,99.22
117,99.12
117,99.16
117,99.14
118,99.09
118,99.09
118,99.16
119,99.16
119,99.01
119,99.13
120,99.11
120,99.14
120,99.18
121,99.19
121,99.18
121,99.16
122,99.23
122,99.16
122,99.07
123,99.1
123,99.04
123,99.06
124,99.09
124,99.13
124,99.11
125,99.11
125,99.09
125,99.18
126,99.13
126,99.15
126,99.06
127,99.16
127,99.14
127,99.12
128,99.08
128,99.17
128,99.08
129,99.21
129,99.08
129,99.16
130,99.13
130,99.03
130,99.12
131,99.06
131,99.1
131,99.11
132,99.24
132,99.09
132,99.18
133,99.08
133,98.99
133,99.09
134,99.1
134,99.11
134,99.09
135,99.17
135,99.08
135,99.11
136,99.17
136,99.15
136,99.05
137,99.18
137,99.18
137,99.1
138,99.09
138,99.13
138,99.01
139,99.14
139,99.07
139,99.16
140,99.14
140,99.15
140,99.13
141,99.1
141,99.13
141,99.16
142,99.2
142,99.09
142,99.15
143,99.13
143,99.15
143,99.16
144,99.16
144,99.11
144,99.09
145,99.11
145,99.16
145,99.06
146,99.08
146,99.16
146,99.19
147,99.17
147,99.16
147,99.14
148,99.19
148,99.08
148,99.17
149,99.15
149,99.15
149,99.18
150,99.04
150,99.15
150,99.2
151,99.23
151,99.15
151,99.11
152,99.05
152,99.1
152,99.13
153,99.06
153,99.17
153,99.11
154,99.14
154,99.18
154,99.16
155,99.14
155,99.09
155,99.15
156,99.13
156,99.16
156,99.19
157,99.18
157,99.18
157,99.06
158,99.15
158,99.18
158,99.16
159,99.21
159,99.2
159,99.2
160,99.23
160,99.18
160,99.14
161,99.16
161,99.09
161,99.15
162,99.25
162,99.22
162,99.15
163,99.18
163,99.18
163,99.22
164,99.22
164,99.2
164,99.21
165,99.2
165,99.18
165,99.23
166,99.23
166,99.2
166,99.13
167,99.16
167,99.15
167,99.18
168,99.26
168,99.18
168,99.23
169,99.2
169,99.23
169,99.23
170,99.22
170,99.22
170,99.23
171,99.23
171,99.25
171,99.23
172,99.27
172,99.28
172,99.24
173,99.22
173,99.26
173,99.21
174,99.16
174,99.17
174,99.2
175,99.18
175,99.19
175,99.17
176,99.23
176,99.23
176,99.19
177,99.16
177,99.24
177,99.21
178,99.17
178,99.21
178,99.21
179,99.17
179,99.2
179,99.23
180,99.16
180,99.2
180,99.19
181,99.15
181,99.18
181,99.22
182,99.26
182,99.22
182,99.22
183,99.23
183,99.24
183,99.23
184,99.25
184,99.25
184,99.23
185,99.23
185,99.2
185,99.2
186,99.17
186,99.19
186,99.23
187,99.22
187,99.24
187,99.23
188,99.25
188,99.28
188,99.25
189,99.25
189,99.25
189,99.24
190,99.23
190,99.28
190,99.25
191,99.26
191,99.26
191,99.22
192,99.25
192,99.22
192,99.24
193,99.22
193,99.22
193,99.21
194,99.23
194,99.22
194,99.23
195,99.23
195,99.25
195,99.24
196,99.24
196,99.24
196,99.24
197,99.25
197,99.26
197,99.27
198,99.24
198,99.26
198,99.25
199,99.26
199,99.26
199,99.26
