0,11.84
0,85.08
0,87.59
1,88.31
1,87.04
1,91.99
2,92.19
2,93.17
2,93.39
3,93.31
3,91.99
3,93.85
4,92.47
4,91.34
4,90.15
5,89.69
5,87.15
5,88.86
6,84.92
6,86.81
6,85.92
7,86.18
7,83.42
7,84.78
8,73.72
8,85.31
8,80.51
9,81.79
9,87.15
9,84.66
10,88.22
10,88.28
10,88.19
11,85.91
11,85.42
11,90.87
12,88.42
12,91.78
12,85.05
13,85.85
13,92.74
13,90.43
14,92.07
14,84.69
14,89.45
15,89.63
15,92.31
15,91.49
16,85.09
16,92.93
16,87.73
17,86.96
17,94.88
17,90.49
18,85.88
18,78.41
18,87.36
19,72.94
19,84.58
19,69.79
20,85.0
20,87.08
20,87.48
21,73.89
21,83.36
21,91.82
22,69.45
22,94.07
22,87.88
23,82.06
23,86.83
23,73.26
24,79.68
24,91.17
24,92.4
25,86.92
25,95.71
25,82.83
26,91.8
26,90.93
26,83.61
27,79.64
27,94.57
27,92.85
28,92.71
28,80.29
28,88.82
29,87.54
29,92.38
29,87.18
30,92.01
30,86.12
30,95.54
31,95.47
31,95.06
31,95.4
32,92.59
32,94.23
32,89.67
33,96.97
33,95.12
33,96.67
34,98.05
34,97.29
34,96.65
35,94.36
35,96.96
35,97.75
36,97.87
36,96.87
36,97.32
37,97.45
37,98.07
37,97.32
38,97.7
38,98.25
38,97.16
39,98.12
39,98.5
39,98.27
40,98.27
40,98.33
40,98.37
41,98.46
41,98.61
41,98.68
42,98.58
42,98.39
42,98.7
43,98.44
43,98.96
43,98.9
44,98.88
44,98.89
44,98.68
45,98.67
45,99.01
45,98.91
46,98.84
46,98.68
46,98.47
47,98.75
47,98.8
47,98.66
48,98.82
48,98.71
48,98.84
49,98.8
49,98.58
49,98.66
50,98.83
50,98.69
50,98.85
51,98.87
51,98.92
51,98.81
52,99.04
52,98.75
52,98.85
53,98.91
53,98.97
53,98.81
54,98.8
54,99.01
54,98.92
55,98.93
55,99.05
55,98.94
56,98.75
56,99.02
56,98.94
57,99.1
57,99.08
57,99.0
58,98.89
58,98.89
58,99.0
59,99.06
59,99.12
59,99.08
60,98.94
60,99.08
60,99.0
61,98.98
61,99.09
61,98.97
62,99.1
62,99.03
62,98.99
63,99.11
63,99.07
63,99.03
64,99.21
64,99.16
64,99.08
65,99.14
65,99.05
65,99.2
66,99.08
66,99.05
66,99.06
67,99.12
67,99.06
67,99.14
68,99.06
68,99.09
68,99.01
69,99.21
69,98.99
69,99.19
70,99.22
70,99.01
70,99.07
71,99.17
71,99.25
71,99.18
72,99.12
72,99.04
72,99.14
73,99.14
73,99.09
73,99.1
74,98.91
74,99.15
74,99.06
75,99.14
75,99.17
75,99.09
76,99.18
76,99.21
76,99.02
77,99.04
77,99.12
77,99.18
78,99.01
78,99.14
78,99.03
79,99.13
79,99.18
79,99.1
80,99.11
80,99.16
80,99.16
81,99.09
81,98.98
81,99.09
82,99.16
82,99.14
82,99.1
83,99.2
83,99.09
83,98.85
84,99.11
84,99.07
84,99.27
85,99.22
85,99.17
85,99.16
86,99.21
86,99.04
86,99.11
87,99.16
87,99.11
87,99.16
88,99.26
88,99.1
88,99.11
89,99.15
89,99.21
89,99.18
90,99.12
90,99.29
90,99.26
91,99.14
91,99.23
91,99.19
92,99.22
92,99.08
92,99.18
93,99.22
93,99.19
93,99.22
94,99.15
94,99.3
94,99.15
95,99.22
95,99.19
95,99.21
96,99.25
96,99.23
96,99.19
97,99.17
97,99.26
97,99.24
98,99.17
98,99.17
98,99.18
99,99.25
99,99.04
99,99.19
100,99.21
100,99.17
100,99.18
101,99.23
101,99.23
101,99.12
102,99.02
102,99.25
102,99.23
103,99.21
103,99.24
103,99.18
104,99.23
104,99.22
104,99.13
105,99.17
105,99.19
105,99.13
106,99.17
106,99.13
106,99.22
107,99.21
107,99.22
107,99.24
108,99.26
108,99.22
108,99.16
109,99.22
109,99.34
109,99.28
110,99.27
110,99.27
110,99.2
111,99.17
111,99.17
111,99.26
112,99.21
112,99.32
112,99.29
113,99.23
113,99.31
113,99.28
114,99.29
114,99.29
114,99.27
115,99.25
115,99.2
115,99.3
116,99.34
116,99.27
116,99.24
117,99.36
117,99.33
117,99.27
118,99.21
118,99.34
118,99.21
119,99.28
119,99.25
119,99.28
120,99.26
120,99.22
120,99.24
121,99.18
121,99.2
121,99.17
122,99.2
122,99.25
122,99.26
123,99.21
123,99.3
123,99.29
124,99.27
124,99.29
124,99.28
125,99.35
125,99.33
125,99.32
126,99.3
126,99.29
126,99.31
127,99.3
127,99.24
127,99.27
128,99.25
128,99.25
128,99.25
129,99.35
129,99.3
129,99.36
130,99.3
130,99.26
130,99.32
131,99.27
131,99.27
131,99.25
132,99.3
132,99.29
132,99.3
133,99.25
133,99.34
133,99.35
134,99.27
134,99.3
134,99.24
135,99.25
135,99.29
135,99.25
136,99.31
136,99.3
136,99.31
137,99.29
137,99.24
137,99.25
138,99.28
138,99.3
138,99.31
139,99.26
139,99.28
139,99.33
140,99.26
140,99.3
140,99.29
141,99.28
141,99.29
141,99.29
142,99.29
142,99.3
142,99.32
143,99.34
143,99.3
143,99.3
144,99.35
144,99.34
144,99.31
145,99.31
145,99.3
145,99.32
146,99.34
146,99.34
146,99.33
147,99.32
147,99.34
147,99.32
148,99.34
148,99.36
148,99.35
149,99.34
149,99.34
149,99.34
