0,10.48
0,82.08
0,84.62
1,84.53
1,85.63
1,85.87
2,82.57
2,84.18
2,82.26
3,85.19
3,83.86
3,88.7
4,88.88
4,87.65
4,90.9
5,78.84
5,82.27
5,74.28
6,87.76
6,91.1
6,85.96
7,76.12
7,89.65
7,92.83
8,84.99
8,87.04
8,85.79
9,85.53
9,84.62
9,82.09
10,71.78
10,88.44
10,83.37
11,83.43
11,84.06
11,82.03
12,77.95
12,90.17
12,73.25
13,85.56
13,78.35
13,65.3
14,67.86
14,74.17
14,71.11
15,69.27
15,79.7
15,72.66
16,78.5
16,79.1
16,87.71
17,78.15
17,86.31
17,83.87
18,87.7
18,87.94
18,89.65
19,72.42
19,81.97
19,87.8
20,92.44
20,86.05
20,90.75
21,85.54
21,90.53
21,87.82
22,85.94
22,83.37
22,87.89
23,85.76
23,84.62
23,80.43
24,80.06
24,87.88
24,81.39
25,85.59
25,89.84
25,89.61
26,91.54
26,88.89
26,90.53
27,92.58
27,90.17
27,90.76
28,92.02
28,94.01
28,90.75
29,93.03
29,93.45
29,94.54
30,89.44
30,92.92
30,92.07
31,93.37
31,91.39
31,93.76
32,92.69
32,89.52
32,87.73
33,89.18
33,93.73
33,95.68
34,91.93
34,93.0
34,89.88
35,93.92
35,96.39
35,96.33
36,95.92
36,96.38
36,95.88
37,96.06
37,92.61
37,95.06
38,94.0
38,93.67
38,96.97
39,97.28
39,95.0
39,96.01
40,97.48
40,97.25
40,96.73
41,96.95
41,96.77
41,95.79
42,96.08
42,97.13
42,97.18
43,94.97
43,97.7
43,96.97
44,97.18
44,96.97
44,96.41
45,97.66
45,96.64
45,94.61
46,96.29
46,97.02
46,96.99
47,97.29
47,96.74
47,97.0
48,97.75
48,96.89
48,97.8
49,97.47
49,98.09
49,98.17
50,97.98
50,97.47
50,98.04
51,97.96
51,98.33
51,98.32
52,98.53
52,98.08
52,98.29
53,98.07
53,98.18
53,98.23
54,98.49
54,98.35
54,98.74
55,98.65
55,98.84
55,98.53
56,98.41
56,98.4
56,98.16
57,98.27
57,97.68
57,98.31
58,97.5
58,98.28
58,98.28
59,98.39
59,98.65
59,98.34
60,98.63
60,98.66
60,98.44
61,98.43
61,98.28
61,98.57
62,98.8
62,98.66
62,98.55
63,98.65
63,98.55
63,98.56
64,98.46
64,98.82
64,98.73
65,98.81
65,98.79
65,98.68
66,98.57
66,98.45
66,98.23
67,98.72
67,98.72
67,98.69
68,98.32
68,98.73
68,98.7
69,98.72
69,98.77
69,98.73
70,98.57
70,98.88
70,98.66
71,98.69
71,98.65
71,98.64
72,98.71
72,98.71
72,98.92
73,98.77
73,98.75
73,98.86
74,98.77
74,98.74
74,98.82
75,98.62
75,98.68
75,98.69
76,98.88
76,98.88
76,98.6
77,98.72
77,98.88
77,98.77
78,98.72
78,98.68
78,98.66
79,98.81
79,98.86
79,98.8
80,98.73
80,98.71
80,98.82
81,98.95
81,98.77
81,98.67
82,98.88
82,98.83
82,98.94
83,98.89
83,98.87
83,98.82
84,98.73
84,98.78
84,98.56
85,98.66
85,98.75
85,98.69
86,98.68
86,98.69
86,98.64
87,98.63
87,98.77
87,98.77
88,98.78
88,98.74
88,98.73
89,98.82
89,98.72
89,98.75
90,98.72
90,98.78
90,98.82
91,98.81
91,98.73
91,98.7
92,98.82
92,98.79
92,98.86
93,98.86
93,98.85
93,98.76
94,98.79
94,98.75
94,98.87
95,98.83
95,98.83
95,98.79
96,98.91
96,98.69
96,98.65
97,98.71
97,98.74
97,98.71
98,98.8
98,98.75
98,98.82
99,98.88
99,98.76
99,98.82
100,98.82
100,98.75
100,98.76
101,98.8
101,98.82
101,98.8
102,98.8
102,98.77
102,98.81
103,98.79
103,98.85
103,98.82
104,98.92
104,98.77
104,98.81
105,98.77
105,98.79
105,98.75
106,98.79
106,98.74
106,98.79
107,98.83
107,98.84
107,98.75
108,98.72
108,98.79
108,98.89
109,98.86
109,98.97
109,98.83
110,98.85
110,98.84
110,98.8
111,98.86
111,98.88
111,98.95
112,98.95
112,98.87
112,98.86
113,98.88
113,98.88
113,98.93
114,98.89
114,98.89
114,98.87
115,98.89
115,98.82
115,98.89
116,98.91
116,98.94
116,98.89
117,98.86
117,98.86
117,98.86
118,98.94
118,98.91
118,98.96
119,98.88
119,98.96
119,98.91
120,98.95
120,98.94
120,98.95
121,98.98
121,98.94
121,98.88
122,98.86
122,98.88
122,98.93
123,98.89
123,98.86
123,98.84
124,98.93
124,98.91
124,98.95
125,98.91
125,98.92
125,98.88
126,98.85
126,98.89
126,98.93
127,98.94
127,98.88
127,98.88
128,98.89
128,98.94
128,98.91
129,98.91
129,98.95
129,98.88
130,98.89
130,98.94
130,98.91
131,98.89
131,98.93
131,98.93
132,98.92
132,98.97
132,98.95
133,98.92
133,98.94
133,99.01
134,98.97
134,98.95
134,98.96
135,98.93
135,98.95
135,98.95
136,98.92
136,98.95
136,98.98
137,98.92
137,98.95
137,98.91
138,98.94
138,98.92
138,98.96
139,98.92
139,98.97
139,98.95
140,98.97
140,98.96
140,98.98
141,99.0
141,98.94
141,98.98
142,98.96
142,98.94
142,98.94
143,98.95
143,98.94
143,98.94
144,98.94
144,98.95
144,98.94
145,98.97
145,98.97
145,98.92
146,98.95
146,98.99
146,98.98
147,98.95
147,98.96
147,98.96
148,98.98
148,98.97
148,98.97
149,98.98
149,98.97
149,98.97
